49 28500 28 [[10, 4, 3, 2], [4, 10, 2], [8, 10, 7], [6, 5, 4], [8, 9, 7], [6, 8, 9], [13, 9, 7], [8, 10, 9], [11, 10, 9], [12, 13, 10], [11], [12, 13], [13], []] [1, 0, 2, 3, 5, 6, 4, 7, 8, 9, 10, 11, 12, 13]
5 4200 8 [[], [], [3], []] [2, 3, 1, 0]
21 26100 28 [[], [3], [], [9], [], [8], [11], [], [12], [13], [], [], [13], []] [10, 7, 6, 11, 5, 8, 12, 4, 2, 1, 3, 9, 13, 0]
1 3300 2 [[]] [0]
17 10900 24 [[2], [6], [], [], [6], [11], [], [], [11], [], [], []] [10, 9, 8, 7, 5, 11, 4, 3, 1, 6, 0, 2]
73 63400 136 [[], [], [], [], [], [], [], [], [], [63], [], [], [], [], [], [], [], [], [], [], [], [], [], [], [], [], [], [56], [], [41], [], [], [], [], [], [], [], [], [], [], [], [], [], [], [], [], [], [], [], [], [], [], [], [], [], [], [], [], [], [65], [], [], [], [], [], [], [67], []] [66, 67, 64, 62, 61, 60, 59, 65, 58, 57, 55, 54, 53, 52, 51, 50, 49, 48, 47, 46, 45, 44, 43, 42, 40, 39, 38, 37, 36, 35, 34, 33, 32, 31, 30, 29, 41, 28, 27, 56, 26, 25, 24, 23, 22, 21, 20, 19, 18, 17, 16, 15, 14, 13, 12, 11, 10, 9, 63, 8, 7, 6, 5, 4, 3, 2, 1, 0]
13 7600 16 [[], [3], [], [6], [7], [7], [7], []] [5, 4, 2, 1, 3, 6, 7, 0]
91 87700 172 [[], [], [], [], [], [], [], [], [], [55], [], [], [], [], [], [38], [], [], [], [], [], [], [], [], [], [], [], [], [], [], [], [], [], [], [], [], [], [], [], [], [], [], [], [], [], [], [], [], [], [], [], [], [], [], [], [], [], [], [], [], [], [], [64], [], [75], [], [], [], [], [], [], [], [], [], [83], [], [], [], [], [], [], [], [], [], [], []] [85, 84, 82, 81, 80, 79, 78, 77, 76, 74, 83, 73, 72, 71, 70, 69, 68, 67, 66, 65, 63, 62, 64, 75, 61, 60, 59, 58, 57, 56, 54, 53, 52, 51, 50, 49, 48, 47, 46, 45, 44, 43, 42, 41, 40, 39, 37, 36, 35, 34, 33, 32, 31, 30, 29, 28, 27, 26, 25, 24, 23, 22, 21, 20, 19, 18, 17, 16, 15, 38, 14, 13, 12, 11, 10, 9, 55, 8, 7, 6, 5, 4, 3, 2, 1, 0]
9 5500 10 [[], [4], [3, 4], [4], []] [2, 3, 1, 4, 0]
10 5600 10 [[1, 4], [2, 4], [], [4], []] [3, 0, 1, 4, 2]
47 46700 84 [[], [23], [], [], [], [], [], [], [], [], [], [], [], [], [], [17], [], [], [], [25], [], [], [], [], [], [], [], [], [], [], [], [35], [], [37], [], [], [], [], [], [], [], []] [41, 40, 39, 38, 36, 34, 33, 37, 32, 31, 35, 30, 29, 28, 27, 26, 24, 22, 21, 20, 19, 25, 18, 16, 15, 17, 14, 13, 12, 11, 10, 9, 8, 7, 6, 5, 4, 3, 2, 1, 23, 0]
49 31500 88 [[], [], [38], [], [], [], [], [38], [], [], [], [], [], [], [], [], [], [], [], [], [], [], [], [], [], [], [], [], [], [], [], [], [], [], [37], [41], [], [], [], [], [42], [], [], []] [43, 40, 42, 39, 36, 35, 41, 34, 37, 33, 32, 31, 30, 29, 28, 27, 26, 25, 24, 23, 22, 21, 20, 19, 18, 17, 16, 15, 14, 13, 12, 11, 10, 9, 8, 7, 6, 5, 4, 3, 2, 38, 1, 0]
14 9200 18 [[], [8, 2], [4], [], [], [], [8], [8], []] [7, 6, 5, 3, 1, 2, 4, 8, 0]
3 3700 4 [[1], []] [0, 1]
6 4300 8 [[2], [], [3], []] [1, 0, 2, 3]
18 11900 12 [[4, 5, 3, 1], [4, 3, 2], [5, 3], [5, 4], [5], []] [0, 1, 2, 3, 4, 5]
11 6900 10 [[3, 2, 4], [2, 3], [4], [], []] [1, 0, 2, 4, 3]
16 9400 14 [[1], [4, 6, 5], [5], [5, 6], [5], [6], []] [3, 2, 0, 1, 4, 5, 6]
28 20100 30 [[13], [4], [], [5], [11], [], [7], [10, 12], [], [13, 11, 12], [11], [], [13], [14], []] [9, 8, 6, 7, 12, 10, 3, 5, 2, 1, 4, 11, 0, 13, 14]
36 32200 46 [[1], [], [18], [], [], [], [9], [12, 15, 19], [20], [], [15], [], [13], [20], [], [16], [], [], [19], [20], [], [], []] [22, 21, 17, 14, 169 1357000 128 [[], [], [], [], [], [], [], [], [], [], [], [], [], [], [], [], [], [], [], [], [], [], [48], [], [], [], [], [], [], [], [58], [], [54], [], [], [], [], [], [], [], [], [], [], [], [], [], [], [48], [], [], [], [], [], [], [], [], [], [], [], [], [63], [], [], []] [62, 61, 60, 63, 59, 57, 56, 55, 53, 52, 51, 50, 49, 47, 46, 45, 44, 43, 42, 41, 40, 39, 38, 37, 36, 35, 34, 33, 32, 54, 31, 30, 58, 29, 28, 27, 26, 25, 24, 23, 22, 48, 21, 20, 19, 18, 17, 16, 15, 14, 13, 12, 11, 10, 9, 8, 7, 6, 5, 4, 3, 2, 1, 0]
56 53000 102 [[], [], [], [], [], [], [], [], [], [], [], [], [], [], [], [], [], [], [], [39], [], [], [], [42], [], [], [], [], [], [], [], [], [34], [], [46], [], [], [], [], [], [], [], [50], [], [], [], [], [], [], [], []] [49, 48, 47, 45, 44, 43, 41, 40, 38, 37, 36, 35, 33, 32, 34, 46, 31, 30, 29, 28, 27, 26, 25, 24, 23, 42, 50, 22, 21, 20, 19, 39, 18, 17, 16, 15, 14, 13, 12, 11, 10, 9, 8, 7, 6, 5, 4, 3, 2, 1, 0]
28 25000 46 [[], [], [], [6], [], [], [], [], [], [22], [], [21], [], [], [], [], [], [], [], [21], [22], [], []] [20, 19, 18, 17, 16, 15, 14, 13, 12, 11, 21, 10, 9, 22, 8, 7, 5, 4, 3, 6, 2, 1, 0]
42 27800 74 [[], [28], [], [], [], [], [], [], [29], [], [], [], [], [], [], [], [], [], [], [], [], [33], [], [25], [], [], [], [], [], [], [], [], [35], [], [], [], []] [36, 34, 32, 35, 31, 30, 27, 26, 24, 23, 25, 22, 21, 33, 20, 19, 18, 17, 16, 15, 14, 13, 12, 11, 10, 9, 8, 29, 7, 6, 5, 4, 3, 2, 1, 28, 0]
15 8000 14 [[1], [2, 5, 4], [], [4], [6, 5], [6], []] [3, 0, 1, 4, 5, 6, 2]
66 47600 116 [[], [], [], [], [], [], [], [], [], [40], [], [], [36], [], [], [], [], [], [], [], [], [], [], [], [], [], [], [], [33], [], [], [], [], [], [], [], [], [], [], [], [57, 43, 52], [], [50], [], [], [], [], [], [], [], [], [], [], [], [57], [], [], []] [56, 55, 54, 53, 51, 49, 48, 47, 46, 45, 44, 42, 50, 41, 39, 38, 37, 35, 34, 32, 31, 30, 29, 28, 33, 27, 26, 25, 24, 23, 22, 21, 20, 19, 18, 17, 16, 15, 14, 13, 12, 36, 11, 10, 9, 40, 52, 43, 57, 8, 7, 6, 5, 4, 3, 2, 1, 0]
17 13300 18 [[], [7, 3, 6, 4], [7, 3], [8], [7], [], [], [], []] [5, 2, 1, 4, 6, 3, 8, 7, 0]
16 7700 16 [[], [6, 7, 3], [5], [7], [5], [7], [7], []] [4, 2, 5, 1, 3, 6, 7, 0]
66 50300 116 [[], [], [], [], [], [], [], [], [], [], [], [], [], [], [], [], [], [44], [], [41], [], [42], [], [29], [], [], [], [], [], [54], [], [], [], [], [57], [], [], [], [], [], [43], [], [], [], [], [], [], [], [], [], [], [], [], [], [], [56], [], []] [55, 56, 53, 52, 51, 50, 49, 48, 47, 46, 45, 40, 43, 39, 38, 37, 36, 35, 34, 57, 33, 32, 31, 30, 28, 27, 26, 25, 24, 23, 29, 54, 22, 21, 42, 20, 19, 41, 18, 17, 44, 16, 15, 14, 13, 12, 11, 10, 9, 8, 7, 6, 5, 4, 3, 2, 1, 0]
40 21600 64 [[1], [], [], [], [], [], [], [], [15], [22], [], [], [], [], [], [21, 28, 24, 31], [], [], [], [], [], [], [], [27], [], [], [], [], [], [], [], []] [30, 29, 26, 25, 23, 27, 20, 19, 18, 17, 16, 14, 13, 12, 11, 10, 9, 22, 8, 15, 31, 24, 28, 21, 7, 6, 5, 4, 3, 2, 0, 1]
15 6200 14 [[1], [6, 3], [3, 5], [4], [6, 5], [], []] [2, 0, 1, 3, 4, 5, 6]
66 41400 116 [[], [], [], [], [], [], [], [], [], [], [], [], [], [], [], [], [], [41], [], [], [46], [], [40], [], [], [49], [51], [], [], [], [], [], [], [], [48], [], [], [], [], [], [], [49], [], [], [], [], [57], [], [], [], [], [], [], [], [], [], [], []] [56, 55, 54, 53, 52, 50, 47, 45, 44, 43, 42, 39, 38, 37, 36, 35, 34, 48, 33, 32, 31, 30, 29, 28, 27, 26, 51, 25, 24, 23, 22, 40, 21, 20, 46, 57, 19, 18, 17, 41, 49, 16, 15, 14, 13, 12, 11, 10, 9, 8, 7, 6, 5, 4, 3, 2, 1, 0]
26 13200 36 [[], [7], [3], [], [], [8], [16], [], [11], [], [17, 12], [], [16], [], [], [], [], []] [15, 14, 13, 10, 12, 17, 9, 6, 16, 5, 8, 11, 4, 2, 3, 1, 7, 0]
38 27900 54 [[3, 19], [], [12], [], [11], [20], [], [], [], [], [12], [], [22], [23], [], [], [], [], [], [21], [], [24], [23], [], [], [], []] [26, 25, 18, 17, 16, 15, 14, 13, 10, 9, 8, 7, 6, 5, 20, 4, 11, 2, 12, 22, 23, 1, 0, 19, 21, 24, 3]
57 38300 92 [[], [], [39], [24], [], [], [], [], [], [], [], [], [], [], [], [], [], [], [], [], [], [33], [], [37], [32, 28], [29], [], [], [43, 37], [], [], [], [], [], [], [], [], [42], [], [44], [], [], [], [], [], []] [45, 41, 40, 38, 36, 35, 34, 31, 30, 27, 26, 25, 29, 23, 22, 21, 33, 20, 19, 18, 17, 16, 15, 14, 13, 12, 11, 10, 9, 8, 7, 6, 5, 4, 3, 24, 28, 37, 42, 43, 32, 2, 39, 44, 1, 0]
3 4700 4 [[1], []] [0, 1]
5 4500 8 [[], [], [3], []] [2, 3, 1, 0]55 32200 88 [[], [20], [], [18], [], [], [], [], [], [], [], [], [], [29], [], [], [], [], [20, 30], [], [], [], [], [], [], [], [43], [35], [32], [], [], [], [], [], [39], [], [], [], [], [43], [42], [], [], []] [41, 40, 42, 38, 37, 36, 34, 39, 33, 31, 28, 32, 27, 35, 26, 43, 25, 24, 23, 22, 21, 19, 17, 16, 15, 14, 13, 29, 12, 11, 10, 9, 8, 7, 6, 5, 4, 3, 18, 30, 2, 1, 20, 0]
52 32500 82 [[], [], [], [20], [26], [], [40], [], [11], [], [34], [], [39, 21], [], [], [], [], [], [], [], [], [], [], [], [], [], [], [], [], [33], [34, 39], [], [34], [], [], [], [], [], [], [], []] [38, 37, 36, 35, 32, 31, 30, 29, 33, 28, 27, 25, 24, 23, 22, 19, 18, 17, 16, 15, 14, 13, 12, 21, 39, 10, 34, 9, 8, 11, 7, 6, 40, 5, 4, 26, 3, 20, 2, 1, 0]
22 10200 22 [[9], [9, 2, 3], [7], [], [10, 9], [10], [9], [8, 10], [], [], []] [6, 5, 4, 1, 3, 2, 7, 10, 8, 0, 9]
54 29100 86 [[], [], [], [19], [], [41], [13], [], [], [], [], [], [], [], [], [], [29], [40], [39], [], [], [39], [42], [], [], [], [], [], [], [39], [], [], [], [], [], [36], [], [], [], [40], [], [], []] [38, 37, 35, 36, 34, 33, 32, 31, 30, 28, 27, 26, 25, 24, 23, 22, 42, 21, 20, 18, 17, 16, 29, 39, 40, 15, 14, 12, 11, 10, 9, 8, 7, 6, 13, 5, 41, 4, 3, 19, 2, 1, 0]
41 22900 60 [[], [], [], [], [], [13], [], [], [20], [], [], [24], [], [], [15], [29], [], [], [], [], [29, 27], [23], [26], [], [26], [], [28], [], [], []] [25, 22, 21, 23, 19, 18, 17, 16, 14, 15, 12, 11, 24, 26, 28, 10, 9, 8, 20, 27, 29, 7, 6, 5, 13, 4, 3, 2, 1, 0]
49 24800 76 [[9], [6], [], [], [], [], [], [22], [], [16], [], [], [], [21], [], [], [], [22], [], [], [33], [27], [], [], [], [31], [30], [28], [], [], [], [], [], [], [], [], [], []] [37, 36, 35, 34, 32, 29, 26, 30, 25, 31, 24, 23, 20, 33, 19, 18, 17, 15, 14, 13, 21, 27, 28, 12, 11, 10, 8, 7, 22, 5, 4, 3, 2, 1, 6, 0, 9, 16]
36 16200 50 [[23, 11], [], [], [], [], [23], [], [], [], [], [], [16], [], [], [24], [16], [19], [], [20, 21], [], [], [24], [], [24], []] [22, 18, 21, 20, 17, 15, 14, 13, 12, 10, 9, 8, 7, 6, 5, 4, 3, 2, 1, 0, 11, 16, 19, 23, 24]
16 8100 14 [[4, 1], [3], [4, 3], [4, 6], [5, 6], [], []] [2, 0, 1, 3, 4, 6, 5]
3 3200 4 [[1], []] [0, 1]
1 2600 2 [[]] [0]
22 10400 18 [[7], [8, 3, 2], [7, 3, 6], [], [6, 7, 5], [8, 6], [8], [], []] [4, 5, 1, 2, 6, 3, 8, 0, 7]
14 7300 10 [[3, 4, 1, 2], [4, 2], [4, 3], [4], []] [0, 1, 2, 3, 4]
8 5800 14 [[4], [], [], [], [], [], []] [6, 5, 3, 2, 1, 0, 4]
3 2900 4 [[1], []] [0, 1]
61 44100 106 [[], [], [], [], [], [], [], [], [], [], [], [38], [], [], [], [21], [], [], [], [42], [], [], [], [26], [], [], [], [31], [], [33], [], [], [], [], [], [], [], [], [], [], [], [44], [47], [], [], [], [], [], [], [], [], [], []] [52, 51, 50, 49, 48, 46, 45, 43, 41, 44, 40, 39, 37, 36, 35, 34, 32, 30, 29, 33, 28, 27, 31, 25, 24, 23, 26, 22, 20, 19, 42, 47, 18, 17, 16, 15, 21, 14, 13, 12, 11, 38, 10, 9, 8, 7, 6, 5, 4, 3, 2, 1, 0]
44 29800 72 [[], [], [], [25], [], [], [], [], [], [], [17], [], [], [], [], [25], [], [], [], [26], [], [], [], [], [], [], [], [35, 29, 28], [], [], [], [], [], [], [35], []] [34, 33, 32, 31, 30, 27, 28, 29, 35, 24, 23, 22, 21, 20, 19, 26, 18, 16, 15, 14, 13, 12, 11, 10, 17, 9, 8, 7, 6, 5, 4, 3, 25, 2, 1, 0]
25 13000 34 [[7], [11], [4], [11], [], [], [7], [12, 15], [], [11], [], [], [], [], [], [], []] [16, 14, 13, 10, 9, 8, 6, 5, 3, 2, 4, 1, 11, 0, 7, 15, 12]
74 52900 132 [[], [], [51], [], [], [], [], [30], [20], [], [], [], [], [], [], [35], [], [], [], [], [], [], [], [60], [], [], [], [], [], [], [], [], [], [], [], [], [], [45], [], [], [], [], [], [], [], [], [], [], [], [], [58], [], [], [], [], [58], [], [], [], [], [], [], [], [], [], []] [65, 64, 63, 62, 61, 59, 57, 56, 55, 54, 53, 52, 50, 58, 49, 48, 47, 46, 44, 43, 42, 41, 40, 39, 38, 37, 45, 36, 34, 33, 32, 31, 29, 28, 27, 26, 25, 24, 23, 60, 22, 21, 19, 18, 17, 16, 15, 35, 14, 13, 12, 11, 10, 9, 8, 20, 7, 30, 6, 5, 4, 3, 2, 51, 1, 0]
72 47800 128 [[], [], [], [52], [], [], [], [], [], [], [31], [40], [], [], [], [], [], [], [31], [], [], [], [], [], [], [], [], [], [], [], [], [], [], [39], [], [], [46], [], [], [], [58], [], [], [45], [], [], [], [], [], [], [], [], [], [], [], [], [], [], [], [], [], [], [], []] [63, 62, 61, 60, 59, 57, 56, 55, 54, 53, 51, 50, 49, 48, 47, 44, 43, 45, 42, 41, 38, 37, 36, 46, 35, 34, 33, 39, 32, 30, 29, 28, 27, 26, 25, 24, 23, 22, 21, 20, 19, 18, 17, 16, 15, 14, 13, 12, 11, 40, 58, 10, 31, 9, 8, 7, 6, 5, 4, 3, 52, 2, 1, 0]
66 36700 116 [[], [], [], [], [], [], [], [], [], [], [], [55], [], [], [], [], [], [57], [], [36], [], [], [], [], [], [], [], [], [], [], [], [38], [], [], [], [], [], [], [], [], [], [], [], [47], [47], [], [52], [], [], [52], [], [], [], [], [], [], [], []] [56, 54, 53, 51, 50, 49, 48, 46, 52, 45, 44, 43, 47, 42, 41, 40, 39, 37, 35, 34, 33, 32, 31, 38, 30, 29, 28, 27, 26, 25, 24, 23, 22, 21, 20, 19, 36, 18, 17, 57, 16, 15, 14, 13, 12, 11, 55, 10, 9, 8, 7, 6, 5, 4, 3, 2, 1, 0]
1 3700 2 [[]] [0]
3 3300 4 [[1], []] [0, 1]
8 4600 8 [[3], [3, 2], [3], []] [1, 2, 0, 3]
1 3200 2 [[]] [0]
64 52100 114 [[], [], [], [], [47], [], [], [], [], [], [], [], [], [], [], [], [], [52], [], [], [], [], [], [], [], [], [], [], [], [], [], [], [], [51, 39], [], [43], [52], [], [], [], [], [], [], [], [], [], [], [], [], [], [], [52], [], [], [], [], []] [56, 55, 54, 53, 50, 49, 48, 46, 45, 44, 42, 41, 40, 38, 37, 36, 35, 43, 34, 33, 39, 51, 32, 31, 30, 29, 28, 27, 26, 25, 24, 23, 22, 21, 20, 19, 18, 17, 52, 16, 15, 14, 13, 12, 11, 10, 9, 8, 7, 6, 5, 4, 47, 3, 2, 1, 0]
58 48500 102 [[50], [], [], [], [], [], [], [], [], [22], [], [], [], [], [], [], [], [], [], [], [], [], [], [], [], [], [], [], [], [], [50], [], [], [], [44], [45], [37], [], [], [], [], [], [49], [], [], [], [], [], [], [], []] [48, 47, 46, 43, 42, 49, 41, 40, 39, 38, 36, 37, 35, 45, 34, 44, 33, 32, 31, 30, 29, 28, 27, 26, 25, 24, 23, 21, 20, 19, 18, 17, 16, 15, 14, 13, 12, 11, 10, 9, 22, 8, 7, 6, 5, 4, 3, 2, 1, 0, 50]
40 34900 66 [[], [], [], [], [32], [], [], [], [], [18], [11], [], [], [20], [], [], [17], [], [], [], [], [26], [], [], [], [], [29], [], [], [], [], [], []] [31, 30, 28, 27, 25, 24, 23, 22, 21, 26, 29, 19, 16, 17, 15, 14, 13, 20, 12, 10, 11, 9, 18, 8, 7, 6, 5, 4, 32, 3, 2, 1, 0]
49 37800 84 [[], [], [], [], [], [], [], [22], [], [35], [], [15], [], [35], [], [], [], [], [], [], [], [], [], [], [], [], [], [34], [], [37], [], [], [], [], [35], [], [], [], [], [], [], []] [41, 40, 39, 38, 36, 33, 32, 31, 30, 29, 37, 28, 27, 34, 26, 25, 24, 23, 21, 20, 19, 18, 17, 16, 14, 13, 12, 11, 15, 10, 9, 35, 8, 7, 22, 6, 5, 4, 3, 2, 1, 0]
6 4000 6 [[1, 2], [2], []] [0, 1, 2]
71 54100 128 [[], [], [], [], [], [], [], [], [], [], [], [], [], [], [], [], [], [], [60, 58], [], [], [], [43], [], [], [], [], [], [58], [], [], [], [], [], [], [], [], [], [], [], [48], [], [], [51], [], [], [], [], [], [], [], [], [], [], [], [], [], [58], [], [], [], [], [], []] [63, 62, 61, 59, 57, 56, 55, 54, 53, 52, 50, 49, 47, 46, 45, 44, 42, 41, 40, 48, 39, 38, 37, 36, 35, 34, 33, 32, 31, 30, 29, 28, 27, 26, 25, 24, 23, 22, 43, 51, 21, 20, 19, 18, 58, 60, 17, 16, 15, 14, 13, 12, 11, 10, 9, 8, 7, 6, 5, 4, 3, 2, 1, 0]
20 11500 26 [[], [3], [6, 9], [8], [], [], [10], [10], [], [12], [], [], []] [11, 7, 5, 4, 2, 9, 12, 6, 10, 1, 3, 8, 0]
35 22100 56 [[], [24], [], [9], [], [], [], [], [], [23], [], [], [13, 20], [22], [], [], [], [], [], [], [], [], [], [], [], [26], [], []] [27, 25, 26, 21, 19, 18, 17, 16, 15, 14, 12, 20, 13, 22, 11, 10, 8, 7, 6, 5, 4, 3, 9, 23, 2, 1, 24, 0]
39 22400 64 [[], [], [], [], [], [11], [], [], [], [19], [], [], [], [], [], [], [], [], [], [28, 22], [26], [24, 30], [], [], [], [], [], [], [], [], [], []] [31, 29, 27, 25, 23, 21, 30, 24, 20, 26, 18, 17, 16, 15, 14, 13, 12, 10, 9, 19, 22, 28, 8, 7, 6, 5, 11, 4, 3, 2, 1, 0]
44 25900 74 [[], [], [], [], [], [], [], [19], [], [], [], [23], [34], [], [], [32], [], [], [32], [], [], [29], [], [], [], [36], [], [], [], [], [], [], [], [], [], [], []] [35, 33, 31, 30, 28, 27, 26, 25, 36, 24, 22, 21, 29, 20, 18, 17, 16, 15, 32, 14, 13, 12, 34, 11, 23, 10, 9, 8, 7, 19, 6, 5, 4, 3, 2, 1, 0]
5 3100 6 [[1, 2], [], []] [0, 2, 1]
45 33600 76 [[], [], [], [], [], [26], [24], [], [], [], [], [22], [], [24], [], [], [21], [], [], [], [], [], [], [], [31], [], [], [], [], [36], [], [], [], [], [], [], [], []] [37, 35, 34, 33, 32, 30, 29, 36, 28, 27, 25, 23, 20, 19, 18, 17, 16, 21, 15, 14, 13, 12, 11, 22, 10, 9, 8, 7, 6, 24, 31, 5, 26, 4, 3, 2, 1, 0]
33 26600 52 [[], [4], [17], [], [], [15], [], [], [], [], [], [16], [], [], [15], [18], [21], [], [], [], [], [], [], [], [], []] [25, 24, 23, 22, 20, 19, 14, 13, 12, 11, 16, 21, 10, 9, 8, 7, 6, 5, 15, 18, 3, 2, 17, 1, 4, 0]
7 5100 10 [[], [3], [], [4], []] [2, 1, 3, 4, 0]
49 50300 84 [[22], [], [], [], [], [], [], [], [], [], [], [25], [], [], [], [], [], [], [41], [], [], [], [], [], [], [], [], [], [], [], [], [38], [], [40], [35], [], [], [], [], [41], [], []] [39, 37, 36, 34, 35, 33, 40, 32, 31, 38, 30, 29, 28, 27, 26, 24, 23, 21, 20, 19, 18, 41, 17, 16, 15, 14, 13, 12, 11, 25, 10, 9, 8, 7, 6, 5, 4, 3, 2, 1, 0, 22]
104 77100 194 [[], [85], [], [], [], [], [], [], [], [], [], [], [], [], [], [], [], [], [50], [], [], [], [], [62], [], [], [], [], [], [], [], [], [], [], [], [], [], [], [], [], [], [], [], [], [], [], [], [83], [], [], [], [], [], [], [], [], [], [], [92], [], [], [], [], [], [], [], [], [], [], [], [], [], [], [], [], [], [], [], [], [], [], [96], [], [], [], [], [], [], [], [90], [], [], [], [], [], [], []] [95, 94, 93, 91, 89, 90, 88, 87, 86, 84, 82, 81, 96, 80, 79, 78, 77, 76, 75, 74, 73, 72, 71, 70, 69, 68, 67, 66, 65, 64, 63, 61, 60, 59, 58, 92, 57, 56, 55, 54, 53, 52, 51, 49, 48, 47, 83, 46, 45, 44, 43, 42, 41, 40, 39, 38, 37, 36, 35, 34, 33, 32, 31, 30, 29, 28, 27, 26, 25, 24, 23, 62, 22, 21, 20, 19, 18, 50, 17, 16, 15, 14, 13, 12, 11, 10, 9, 8, 7, 6, 5, 4, 3, 2, 1, 85, 0]
103 66400 192 [[], [], [], [], [], [], [90], [], [], [], [], [], [58], [], [], [], [57], [], [], [], [], [], [], [], [], [], [], [67], [], [], [], [], [], [], [], [], [], [], [], [], [], [], [], [], [], [], [], [], [], [], [], [95], [], [], [], [], [], [], [], [], [], [], [], [78], [], [], [], [], [], [], [], [], [], [], [], [], [], [], [], [], [], [], [], [], [], [], [], [89], [], [], [], [], [], [], [], []] [94, 93, 92, 91, 88, 87, 89, 86, 85, 84, 83, 82, 81, 80, 79, 77, 76, 75, 74, 73, 72, 71, 70, 69, 68, 66, 65, 64, 63, 78, 62, 61, 60, 59, 56, 55, 54, 53, 52, 51, 95, 50, 49, 48, 47, 46, 45, 44, 43, 42, 41, 40, 39, 38, 37, 36, 35, 34, 33, 32, 31, 30, 29, 28, 27, 67, 26, 25, 24, 23, 22, 21, 20, 19, 18, 17, 16, 57, 15, 14, 13, 12, 58, 11, 10, 9, 8, 7, 6, 90, 5, 4, 3, 2, 1, 0]
7 4400 8 [[1], [2, 3], [], []] [0, 1, 3, 2]
3 3400 4 [[1], []] [0, 1]
102 55400 190 [[], [], [], [], [], [], [], [], [], [], [], [], [], [], [], [], [], [], [], [], [], [], [], [35], [], [], [], [], [], [], [], [], [76], [], [], [], [], [], [], [], [], [], [77], [], [64], [], [66], [], [], [], [], [], [], [], [], [], [], [], [], [], [], [], [93], [], [], [], [], [], [], [], [], [], [], [], [], [], [], [], [], [], [], [], [], [], [], [], [91], [], [], [], [], [], [], [], []] [94, 92, 90, 89, 88, 87, 86, 91, 85, 84, 83, 82, 81, 80, 79, 78, 75, 74, 73, 72, 71, 70, 69, 68, 67, 65, 63, 62, 93, 61, 60, 59, 58, 57, 56, 55, 54, 53, 52, 51, 50, 49, 48, 47, 46, 66, 45, 44, 64, 43, 42, 77, 41, 40, 39, 38, 37, 36, 34, 33, 32, 76, 31, 30, 29, 28, 27, 26, 25, 24, 23, 35, 22, 21, 20, 19, 18, 17, 16, 15, 14, 13, 12, 11, 10, 9, 8, 7, 6, 5, 4, 3, 2, 1, 0]
65 37000 116 [[54], [], [], [], [52], [], [], [], [56], [], [], [], [], [47], [], [], [], [], [], [], [], [], [], [], [], [], [], [], [], [], [], [], [], [], [], [], [], [56], [], [], [], [], [], [], [], [], [], [], [], [], [56], [], [], [], [], [57], [], []] [55, 57, 53, 51, 50, 49, 48, 46, 45, 44, 43, 42, 41, 40, 39, 38, 37, 36, 35, 34, 33, 32, 31, 30, 29, 28, 27, 26, 25, 24, 23, 22, 21, 20, 19, 18, 17, 16, 15, 14, 13, 47, 12, 11, 10, 9, 8, 56, 7, 6, 5, 4, 52, 3, 2, 1, 0, 54]
15 8300 16 [[1], [5], [5], [], [7, 5], [6], [7], []] [4, 3, 2, 0, 1, 5, 6, 7]
64 70200 114 [[38], [], [], [], [], [], [], [], [12], [], [15], [], [], [], [], [47], [], [], [], [35], [], [], [], [], [], [], [], [], [], [], [], [], [], [], [], [], [45], [], [], [], [], [55], [], [], [], [], [], [], [], [], [], [], [], [], [], [], []] [56, 54, 53, 52, 51, 50, 49, 48, 46, 44, 43, 42, 41, 55, 40, 39, 37, 36, 45, 34, 33, 32, 31, 30, 29, 28, 27, 26, 25, 24, 23, 22, 21, 20, 19, 35, 18, 17, 16, 14, 13, 11, 10, 15, 47, 9, 8, 12, 7, 6, 5, 4, 3, 2, 1, 0, 38]
99 64200 184 [[], [], [29], [], [], [54], [], [], [], [], [], [], [], [], [], [], [], [], [], [], [], [], [], [], [], [79], [], [], [], [], [], [], [], [78], [], [], [], [], [], [], [], [], [], [], [], [], [], [], [], [80], [], [], [], [], [], [], [], [], [], [], [], [], [], [64], [], [], [], [], [], [], [], [], [], [], [], [], [], [], [], [], [], [], [], [85], [], [], [], [], [], [], [], []] [91, 90, 89, 88, 87, 86, 84, 83, 85, 82, 81, 77, 76, 75, 74, 73, 72, 71, 70, 69, 68, 67, 66, 65, 63, 64, 62, 61, 60, 59, 58, 57, 56, 55, 53, 52, 51, 50, 49, 80, 48, 47, 46, 45, 44, 43, 42, 41, 40, 39, 38, 37, 36, 35, 34, 33, 78, 32, 31, 30, 28, 27, 26, 25, 79, 24, 23, 22, 21, 20, 19, 18, 17, 16, 15, 14, 13, 12, 11, 10, 9, 8, 7, 6, 5, 54, 4, 3, 2, 29, 1, 0]
56 33500 98 [[], [], [], [], [], [], [28], [33], [], [], [], [], [], [29], [], [47], [], [], [], [], [], [], [], [], [], [], [], [], [], [], [], [33], [], [], [], [], [], [], [45], [40], [], [], [], [], [], [], [], [], []] [48, 46, 44, 43, 42, 41, 39, 40, 38, 45, 37, 36, 35, 34, 32, 31, 30, 27, 26, 25, 24, 23, 22, 21, 20, 19, 18, 17, 16, 15, 47, 14, 13, 29, 12, 11, 10, 9, 8, 7, 33, 6, 28, 5, 4, 3, 2, 1, 0]
6 5000 10 [[], [], [3], [], []] [4, 2, 3, 1, 0]
75 46800 136 [[], [], [], [], [], [], [], [], [], [], [], [], [], [], [], [], [], [], [35], [], [], [], [], [], [], [], [], [], [], [], [], [], [], [], [], [], [], [], [], [], [], [], [52], [64], [], [], [], [], [51], [], [], [67], [], [], [], [], [], [], [], [], [67], [], [], [64], [], [], [], []] [66, 65, 63, 62, 61, 60, 59, 58, 57, 56, 55, 54, 53, 50, 49, 48, 51, 67, 47, 46, 45, 44, 43, 64, 42, 52, 41, 40, 39, 38, 37, 36, 34, 33, 32, 31, 30, 29, 28, 27, 26, 25, 24, 23, 22, 21, 20, 19, 18, 35, 17, 16, 15, 14, 13, 12, 11, 10, 9, 8, 7, 6, 5, 4, 3, 2, 1, 0]
64 45600 114 [[], [], [], [], [], [], [], [35], [], [17], [], [], [], [], [], [], [], [42], [], [], [], [], [], [], [46], [], [], [], [], [], [], [], [], [], [], [], [], [], [], [], [48], [], [], [], [], [53], [], [], [], [], [], [], [], [], [56], [], []] [55, 54, 56, 52, 51, 50, 49, 47, 45, 53, 44, 43, 41, 40, 48, 39, 38, 37, 36, 34, 33, 32, 31, 30, 29, 28, 27, 26, 25, 24, 46, 23, 22, 21, 20, 19, 18, 16, 15, 14, 13, 12, 11, 10, 9, 17, 42, 8, 7, 35, 6, 5, 4, 3, 2, 1, 0]
26 16400 38 [[], [15], [15], [7], [], [], [], [], [], [], [], [], [], [17], [], [17, 16], [], [18], []] [14, 13, 12, 11, 10, 9, 8, 6, 5, 4, 3, 7, 2, 1, 15, 16, 17, 18, 0]
25 14100 36 [[], [], [], [], [5, 15], [], [10], [], [], [11], [], [], [13], [14], [16], [], [], []] [17, 12, 13, 14, 16, 9, 11, 8, 7, 6, 10, 4, 15, 5, 3, 2, 1, 0]
13 6700 12 [[1], [4, 5, 2], [4], [5, 4], [], []] [3, 0, 1, 2, 5, 4]
65 35100 116 [[], [], [], [], [], [], [], [], [35], [], [], [], [], [], [], [], [], [], [25], [], [], [55], [], [], [57], [], [], [], [], [], [], [], [], [], [], [], [], [55], [], [], [], [], [], [53], [], [], [], [], [], [], [], [], [53], [], [], [], [], []] [56, 54, 52, 51, 50, 49, 48, 47, 46, 45, 44, 43, 53, 42, 41, 40, 39, 38, 37, 36, 34, 33, 32, 31, 30, 29, 28, 27, 26, 24, 57, 23, 22, 21, 55, 20, 19, 18, 25, 17, 16, 15, 14, 13, 12, 11, 10, 9, 8, 35, 7, 6, 5, 4, 3, 2, 1, 0]
56 36300 98 [[], [], [], [], [], [], [], [15], [], [], [], [], [13], [], [], [], [46], [], [], [], [], [44], [], [30], [], [], [], [], [], [], [], [], [], [], [], [], [41], [], [], [46], [], [], [], [], [], [], [], [], []] [48, 47, 45, 43, 42, 40, 39, 38, 37, 36, 41, 35, 34, 33, 32, 31, 29, 28, 27, 26, 25, 24, 23, 30, 22, 21, 44, 20, 19, 18, 17, 16, 46, 14, 12, 13, 11, 10, 9, 8, 7, 15, 6, 5, 4, 3, 2, 1, 0]
70 37200 126 [[], [], [], [], [], [], [47], [], [], [], [], [], [], [56], [], [], [], [44], [], [], [], [], [], [], [], [], [], [51], [], [], [], [], [], [], [], [], [], [43], [42], [], [], [], [], [], [], [], [61], [], [], [], [], [], [], [], [], [], [], [], [], [], [], [], []] [62, 60, 59, 58, 57, 55, 54, 53, 52, 50, 49, 48, 46, 61, 45, 41, 40, 39, 38, 42, 37, 43, 36, 35, 34, 33, 32, 31, 30, 29, 28, 27, 51, 26, 25, 24, 23, 22, 21, 20, 19, 18, 17, 44, 16, 15, 14, 13, 56, 12, 11, 10, 9, 8, 7, 6, 47, 5, 4, 3, 2, 1, 0]
15 10500 16 [[], [7, 4], [7, 4], [], [5], [7], [7], []] [6, 3, 2, 1, 4, 5, 7, 0]
65 61400 116 [[24], [], [], [], [], [], [], [], [], [], [], [], [], [], [], [], [], [], [], [], [35], [], [], [], [], [47], [], [], [], [], [], [], [34], [], [], [], [], [], [], [54], [], [], [], [46], [], [], [], [], [], [54], [], [], [], [], [], [], [], []] [57, 56, 55, 53, 52, 51, 50, 49, 48, 45, 44, 43, 46, 42, 41, 40, 39, 54, 38, 37, 36, 33, 32, 34, 31, 30, 29, 28, 27, 26, 25, 47, 23, 22, 21, 20, 35, 19, 18, 17, 16, 15, 14, 13, 12, 11, 10, 9, 8, 7, 6, 5, 4, 3, 2, 1, 0, 24]
20 12400 26 [[6], [], [12], [12], [8], [], [8, 11], [], [12], [], [], [], []] [10, 9, 7, 5, 4, 3, 2, 1, 0, 6, 11, 8, 12]
71 38400 128 [[], [], [], [], [], [42], [], [], [], [], [11], [], [], [], [], [], [], [], [], [21], [36], [], [], [34], [49], [], [], [], [], [], [], [], [], [], [], [], [], [], [], [], [], [], [], [], [], [], [], [], [], [], [], [], [], [], [62], [], [], [], [], [], [], [], [], []] [63, 61, 60, 59, 58, 57, 56, 55, 54, 62, 53, 52, 51, 50, 48, 47, 46, 45, 44, 43, 41, 40, 39, 38, 37, 35, 33, 32, 31, 30, 29, 28, 27, 26, 25, 24, 49, 23, 34, 22, 20, 36, 19, 21, 18, 17, 16, 15, 14, 13, 12, 10, 11, 9, 8, 7, 6, 5, 42, 4, 3, 2, 1, 0]
12 11900 10 [[2, 3], [2, 3], [4, 3], [4], []] [1, 0, 2, 3, 4]
48 40400 82 [[], [3], [], [], [9], [], [], [], [], [], [], [], [], [], [], [], [], [], [], [], [], [], [], [], [], [40], [40], [], [34], [], [], [], [], [35], [], [40], [], [], [], [], []] [39, 38, 37, 36, 33, 35, 32, 31, 30, 29, 28, 34, 27, 26, 25, 40, 24, 23, 22, 21, 20, 19, 18, 17, 16, 15, 14, 13, 12, 11, 10, 8, 7, 6, 5, 4, 9, 2, 1, 3, 0]
63 83300 106 [[], [], [], [], [], [], [49], [], [], [], [], [], [], [], [], [], [], [], [48, 36], [], [], [], [], [], [], [], [], [], [41], [36], [], [], [], [], [45], [], [], [], [], [], [], [], [], [], [], [], [49, 47], [52], [], [], [], [52], []] [51, 50, 46, 47, 52, 44, 43, 42, 40, 39, 38, 37, 35, 34, 45, 33, 32, 31, 30, 29, 28, 41, 27, 26, 25, 24, 23, 22, 21, 20, 19, 18, 36, 48, 17, 16, 15, 14, 13, 12, 11, 10, 9, 8, 7, 6, 49, 5, 4, 3, 2, 1, 0]
69 77900 118 [[], [37], [], [], [6], [], [], [], [], [], [], [], [], [], [], [], [], [41], [], [], [], [], [], [], [], [], [], [], [], [], [], [], [], [], [], [], [51], [], [56], [], [], [], [54], [55], [], [50], [], [], [], [51], [58], [], [], [], [], [], [], [], []] [57, 53, 52, 49, 48, 47, 46, 45, 50, 58, 44, 43, 55, 42, 54, 40, 39, 38, 56, 36, 51, 35, 34, 33, 32, 31, 30, 29, 28, 27, 26, 25, 24, 23, 22, 21, 20, 19, 18, 17, 41, 16, 15, 14, 13, 12, 11, 10, 9, 8, 7, 5, 4, 6, 3, 2, 1, 37, 0]
93 80500 166 [[], [], [], [], [26], [], [], [], [], [], [], [], [], [29], [], [], [], [], [], [], [], [], [], [], [], [], [], [], [], [], [], [], [], [], [], [], [], [], [], [], [73], [61], [], [], [], [55], [], [53], [67], [], [], [], [], [], [], [60], [], [], [], [], [], [], [], [], [81], [], [], [], [], [], [], [], [], [], [81], [], [], [], [], [], [], [], []] [82, 80, 79, 78, 77, 76, 75, 74, 72, 71, 70, 69, 68, 66, 65, 64, 81, 63, 62, 59, 58, 57, 56, 54, 52, 51, 50, 49, 48, 67, 47, 53, 46, 45, 55, 60, 44, 43, 42, 41, 61, 40, 73, 39, 38, 37, 36, 35, 34, 33, 32, 31, 30, 28, 27, 25, 24, 23, 22, 21, 20, 19, 18, 17, 16, 15, 14, 13, 29, 12, 11, 10, 9, 8, 7, 6, 5, 4, 26, 3, 2, 1, 0]
88 63700 156 [[35], [61, 58], [], [], [], [], [], [], [], [], [], [], [], [], [], [], [29], [], [], [], [], [], [], [30], [], [], [], [], [], [], [], [], [], [], [], [], [52], [], [], [], [], [], [], [54], [], [], [], [], [], [], [], [], [], [], [], [], [], [], [69], [], [], [], [76], [], [], [], [], [], [], [], [], [], [], [77], [], [], [], []] [75, 74, 73, 77, 72, 71, 70, 68, 67, 66, 65, 64, 63, 62, 76, 60, 59, 57, 56, 55, 53, 51, 50, 49, 48, 47, 46, 45, 44, 43, 54, 42, 41, 40, 39, 38, 37, 36, 52, 34, 33, 32, 31, 28, 27, 26, 25, 24, 23, 30, 22, 21, 20, 19, 18, 17, 16, 29, 15, 14, 13, 12, 11, 10, 9, 8, 7, 6, 5, 4, 3, 2, 1, 58, 69, 61, 0, 35]
89 88900 158 [[], [32], [], [], [31], [], [], [], [], [], [], [52], [], [], [], [], [], [], [], [], [], [], [], [], [], [], [], [33], [], [], [], [], [], [], [], [72], [], [77], [], [], [], [], [], [], [], [], [], [], [], [74], [], [], [], [], [], [], [], [], [67], [], [], [], [65], [], [], [], [], [], [], [], [], [76], [], [], [], [], [], [], []] [78, 75, 73, 71, 76, 70, 69, 68, 66, 64, 63, 62, 65, 61, 60, 59, 58, 67, 57, 56, 55, 54, 53, 51, 50, 49, 74, 48, 47, 46, 45, 44, 43, 42, 41, 40, 39, 38, 37, 77, 36, 35, 72, 34, 30, 29, 28, 27, 33, 26, 25, 24, 23, 22, 21, 20, 19, 18, 17, 16, 15, 14, 13, 12, 11, 52, 10, 9, 8, 7, 6, 5, 4, 31, 3, 2, 1, 32, 0]
65 63600 110 [[36], [], [], [], [], [44], [], [], [], [], [], [], [54], [], [], [], [], [], [], [30, 36], [], [], [], [], [], [], [39, 33], [49], [], [], [], [], [], [], [], [], [], [], [], [], [], [], [], [], [48, 50], [], [], [], [], [], [], [], [], [], []] [53, 52, 51, 47, 46, 45, 43, 42, 41, 40, 38, 37, 35, 34, 32, 31, 29, 28, 27, 49, 26, 33, 39, 25, 24, 23, 22, 21, 20, 19, 30, 18, 17, 16, 15, 14, 13, 12, 54, 11, 10, 9, 8, 7, 6, 5, 44, 50, 48, 4, 3, 2, 1, 0, 36]
98 67200 176 [[], [], [], [51], [], [], [], [], [], [], [], [], [], [], [], [], [], [], [], [], [], [], [43], [52], [], [], [], [], [], [], [], [], [], [], [], [], [], [], [], [], [], [], [], [], [], [76], [], [], [], [], [], [], [], [], [], [], [], [], [], [60], [68, 76], [], [], [], [], [], [71], [], [], [86], [], [74], [], [], [], [], [], [], [], [], [], [], [], [], [], [], [], []] [87, 85, 84, 83, 82, 81, 80, 79, 78, 77, 75, 73, 72, 70, 69, 86, 67, 66, 71, 74, 65, 64, 63, 62, 61, 59, 60, 68, 58, 57, 56, 55, 54, 53, 50, 49, 48, 47, 46, 45, 76, 44, 42, 41, 40, 39, 38, 37, 36, 35, 34, 33, 32, 31, 30, 29, 28, 27, 26, 25, 24, 23, 52, 22, 43, 21, 20, 19, 18, 17, 16, 15, 14, 13, 12, 11, 10, 9, 8, 7, 6, 5, 4, 3, 51, 2, 1, 0]
100 92100 180 [[], [], [], [], [], [], [], [], [], [], [], [], [], [], [], [], [], [], [], [], [], [], [54], [], [33], [30], [], [], [], [], [], [], [], [], [], [], [], [], [], [], [], [], [], [], [], [], [], [], [], [], [], [], [], [], [], [82], [], [], [], [], [], [83], [], [86], [], [], [], [77], [], [], [], [], [], [], [], [88], [81], [], [], [], [87], [], [], [], [], [], [], [], [], []] [89, 85, 84, 80, 87, 79, 78, 76, 81, 75, 88, 74, 73, 72, 71, 70, 69, 68, 67, 77, 66, 65, 64, 63, 86, 62, 61, 83, 60, 59, 58, 57, 56, 55, 82, 53, 52, 51, 50, 49, 48, 47, 46, 45, 44, 43, 42, 41, 40, 39, 38, 37, 36, 35, 34, 32, 31, 29, 28, 27, 26, 25, 30, 24, 33, 23, 22, 54, 21, 20, 19, 18, 17, 16, 15, 14, 13, 12, 11, 10, 9, 8, 7, 6, 5, 4, 3, 2, 1, 0]
62 72000 104 [[], [], [], [], [27], [], [], [], [], [], [], [], [16], [46], [46, 25], [], [], [], [], [], [], [], [37], [], [], [], [], [], [], [39], [], [], [], [], [], [], [], [], [44], [], [], [], [], [44], [], [49], [], [], [], [], [], []] [51, 50, 48, 47, 45, 49, 43, 42, 41, 40, 38, 44, 36, 35, 34, 33, 32, 31, 30, 29, 39, 28, 26, 24, 23, 22, 37, 21, 20, 19, 18, 17, 15, 14, 25, 13, 46, 12, 16, 11, 10, 9, 8, 7, 6, 5, 4, 27, 3, 2, 1, 0]
103 76600 186 [[], [], [], [], [], [], [], [], [], [], [], [], [], [], [], [], [27], [], [26], [], [], [25, 58], [], [], [], [], [], [], [], [], [], [], [], [], [], [], [], [], [], [], [], [], [], [], [], [], [], [], [], [], [], [], [], [], [], [], [], [], [], [88, 74], [], [], [], [89], [], [73], [], [], [], [], [], [], [], [80], [], [], [], [], [], [], [], [], [], [], [89], [], [], [], [], [], [], [], []] [92, 91, 90, 87, 86, 85, 84, 83, 82, 81, 79, 78, 77, 76, 75, 72, 71, 70, 69, 68, 67, 66, 65, 73, 80, 64, 63, 89, 62, 61, 60, 59, 74, 88, 57, 56, 55, 54, 53, 52, 51, 50, 49, 48, 47, 46, 45, 44, 43, 42, 41, 40, 39, 38, 37, 36, 35, 34, 33, 32, 31, 30, 29, 28, 24, 23, 22, 21, 58, 25, 20, 19, 18, 26, 17, 16, 27, 15, 14, 13, 12, 11, 10, 9, 8, 7, 6, 5, 4, 3, 2, 1, 0]
91 45000 162 [[], [], [], [], [], [], [], [], [], [], [57], [], [], [], [23], [], [], [49], [], [], [], [], [], [], [], [], [], [47], [], [], [], [], [], [], [], [], [], [], [], [51], [], [], [44], [], [], [], [], [], [], [], [64], [], [], [], [], [], [], [73], [], [], [], [], [], [69], [], [], [], [], [], [], [], [], [], [], [], [], [], [79], [], [], []] [80, 78, 77, 79, 76, 75, 74, 72, 71, 70, 68, 67, 66, 65, 63, 69, 62, 61, 60, 59, 58, 56, 55, 54, 53, 52, 50, 64, 48, 46, 45, 43, 42, 44, 41, 40, 39, 51, 38, 37, 36, 35, 34, 33, 32, 31, 30, 29, 28, 27, 47, 26, 25, 24, 22, 21, 20, 19, 18, 17, 49, 16, 15, 14, 23, 13, 12, 11, 10, 57, 73, 9, 8, 7, 6, 5, 4, 3, 2, 1, 0]81 91800 102 [[], [], [], [], [6, 32], [], [17], [], [], [19, 41], [50], [], [], [43], [], [], [22], [20, 25], [31], [21], [26], [], [31], [24], [], [28, 27], [], [49, 36, 29], [36], [], [], [], [39], [], [], [42], [], [42], [], [48], [], [], [48, 47], [], [49, 45], [], [50], [], [], [], []] [46, 44, 45, 40, 38, 37, 35, 42, 47, 34, 33, 30, 23, 24, 18, 16, 22, 31, 15, 14, 13, 43, 12, 11, 10, 50, 9, 41, 19, 21, 8, 7, 5, 4, 32, 39, 48, 6, 17, 25, 27, 29, 49, 28, 36, 20, 26, 3, 2, 1, 0]
78 99800 116 [[], [], [], [7], [44], [15], [8], [12], [], [], [], [], [], [], [], [], [], [], [], [], [], [40], [], [], [], [], [], [], [42], [35], [39], [], [34], [54], [47, 45], [], [42], [], [], [48], [], [], [], [], [49], [], [], [], [], [], [], [], [53], [], [57], [56], [57], []] [55, 56, 52, 53, 51, 50, 46, 43, 41, 38, 37, 36, 33, 54, 57, 32, 34, 45, 47, 31, 30, 39, 48, 29, 35, 28, 42, 27, 26, 25, 24, 23, 22, 21, 40, 20, 19, 18, 17, 16, 14, 13, 11, 10, 9, 6, 8, 5, 15, 4, 44, 49, 3, 7, 12, 2, 1, 0]
85 78300 130 [[], [], [], [], [], [58, 33], [19], [38], [], [17], [], [], [], [], [], [], [], [], [37], [], [], [], [50, 27], [], [], [26], [], [], [63], [], [38], [], [48], [35], [], [], [], [], [], [], [49], [], [], [47], [49], [], [], [], [], [53], [53], [], [], [], [], [], [], [], [], [], [], [63], [63], [], []] [64, 62, 61, 60, 59, 57, 56, 55, 54, 52, 51, 46, 45, 44, 43, 47, 42, 41, 40, 49, 39, 36, 34, 32, 48, 31, 30, 29, 28, 63, 25, 26, 24, 23, 22, 27, 50, 53, 21, 20, 18, 37, 16, 15, 14, 13, 12, 11, 10, 9, 17, 8, 7, 38, 6, 19, 5, 33, 35, 58, 4, 3, 2, 1, 0]
79 65200 118 [[], [], [], [], [47, 38, 37], [], [51], [], [], [13, 57], [], [], [18], [], [], [18], [], [], [], [], [], [31], [], [], [], [45], [43], [], [], [], [], [], [], [45, 35], [57], [], [], [], [], [], [48], [], [], [57], [45, 54], [], [], [57], [], [], [], [], [], [], [], [], [], [58], []] [56, 55, 53, 52, 50, 49, 46, 44, 54, 42, 41, 40, 48, 39, 36, 34, 33, 35, 32, 30, 29, 28, 27, 26, 43, 25, 45, 24, 23, 22, 21, 31, 20, 19, 17, 16, 15, 14, 12, 18, 11, 10, 9, 13, 8, 7, 6, 51, 5, 4, 37, 38, 47, 57, 58, 3, 2, 1, 0]
82 81400 124 [[10], [53], [], [], [44], [], [], [], [17], [], [17], [], [], [], [44, 46], [25], [], [], [58, 40], [], [], [], [], [35], [], [60], [], [], [], [], [38], [], [], [], [50], [], [], [49], [], [], [], [], [], [], [], [], [], [49], [], [], [], [61], [], [], [61], [], [57], [], [], [60], [], []] [59, 56, 57, 55, 54, 52, 51, 61, 48, 47, 45, 43, 42, 41, 39, 37, 49, 36, 34, 50, 33, 32, 31, 30, 38, 29, 28, 27, 26, 24, 23, 35, 22, 21, 20, 19, 18, 40, 58, 16, 15, 25, 60, 14, 46, 13, 12, 11, 9, 8, 7, 6, 5, 4, 44, 3, 2, 1, 53, 0, 10, 17]
65 52000 90 [[35], [], [26], [14], [32, 30], [], [], [], [], [39, 33], [], [], [], [17, 23], [], [], [], [], [40], [], [], [30, 44], [], [], [], [], [31], [44], [], [44, 37], [], [], [], [], [35], [], [40], [], [], [], [], [43], [44], [], []] [42, 41, 43, 38, 36, 34, 29, 37, 28, 27, 25, 24, 22, 21, 44, 20, 19, 18, 40, 16, 15, 13, 23, 17, 12, 11, 10, 9, 33, 39, 8, 7, 6, 5, 4, 30, 32, 3, 14, 2, 26, 31, 1, 0, 35]
91 87200 142 [[], [], [20], [], [], [], [20], [], [58], [], [], [48, 62], [], [], [], [], [32], [], [62], [], [], [46], [], [], [], [], [], [45, 62], [], [59], [], [], [], [62], [39], [], [], [], [68], [], [], [], [], [68], [], [], [65, 54], [], [68], [], [], [], [], [], [], [], [], [], [63], [], [], [], [], [], [], [], [70], [], [], [], []] [69, 67, 66, 70, 64, 61, 60, 57, 56, 55, 53, 52, 51, 50, 49, 47, 44, 43, 42, 41, 40, 38, 37, 36, 35, 34, 39, 33, 31, 30, 29, 59, 28, 27, 45, 26, 25, 24, 23, 22, 21, 46, 54, 65, 19, 18, 17, 16, 32, 15, 14, 13, 12, 11, 62, 48, 68, 10, 9, 8, 58, 63, 7, 6, 5, 4, 3, 2, 20, 1, 0]
61 40800 82 [[], [23], [], [], [25], [], [26, 23], [], [31, 24], [], [], [27], [32], [29], [24, 30], [], [], [], [], [30], [], [25, 24], [], [28], [], [39], [], [34], [39, 29], [], [], [], [], [], [], [38], [], [], [], [], []] [40, 37, 36, 35, 38, 33, 22, 21, 20, 19, 18, 17, 16, 15, 14, 30, 13, 12, 32, 11, 27, 34, 10, 9, 8, 24, 31, 7, 6, 26, 5, 4, 25, 3, 2, 1, 23, 28, 29, 39, 0]
81 76400 122 [[], [14], [], [32, 19], [], [], [], [28], [], [], [], [], [], [], [], [], [], [], [], [55], [50], [], [], [], [], [], [], [36], [], [], [], [], [53], [52], [35], [], [], [48, 42], [44], [], [], [59], [], [], [], [50], [], [], [49], [], [57], [], [59], [], [], [], [], [], [59], [60], []] [58, 56, 54, 51, 47, 46, 45, 43, 41, 40, 39, 38, 44, 37, 42, 48, 49, 34, 35, 33, 52, 59, 60, 31, 30, 29, 27, 36, 26, 25, 24, 23, 22, 21, 20, 50, 57, 18, 17, 16, 15, 13, 12, 11, 10, 9, 8, 7, 28, 6, 5, 4, 3, 19, 55, 32, 53, 2, 1, 14, 0]
76 52600 112 [[27], [], [53], [], [], [], [], [], [], [20], [], [], [], [], [], [], [31, 48], [50], [], [33], [51], [], [26, 48], [], [43], [], [32], [43], [], [], [], [], [], [55, 54], [38], [39, 50], [], [], [], [], [], [], [], [45], [], [], [], [], [], [], [], [], [], [], [55], []] [52, 49, 47, 46, 44, 42, 41, 40, 37, 36, 35, 39, 34, 38, 30, 29, 28, 25, 24, 23, 22, 26, 32, 21, 19, 33, 54, 55, 18, 17, 50, 16, 48, 31, 15, 14, 13, 12, 11, 10, 9, 20, 51, 8, 7, 6, 5, 4, 3, 2, 53, 1, 0, 27, 43, 45]
99 64900 158 [[], [73], [], [], [], [], [57], [63], [], [], [], [17], [71], [], [], [70], [], [], [], [], [], [], [], [25], [], [], [], [34], [49], [], [], [], [], [], [64, 70], [], [], [], [], [], [], [], [], [], [75], [50], [], [], [], [], [63], [], [], [63], [], [], [], [], [], [], [], [68, 62], [65], [], [], [], [71], [], [], [], [], [77], [], [], [], [], [], [], []] [78, 76, 74, 72, 69, 67, 66, 61, 62, 65, 68, 60, 59, 58, 56, 55, 54, 53, 52, 51, 48, 47, 46, 45, 50, 44, 75, 43, 42, 41, 40, 39, 38, 37, 36, 35, 33, 32, 31, 30, 29, 28, 49, 27, 34, 64, 26, 24, 23, 25, 22, 21, 20, 19, 18, 16, 15, 70, 14, 13, 12, 71, 77, 11, 17, 10, 9, 8, 7, 63, 6, 57, 5, 4, 3, 2, 1, 73, 0]
88 65300 136 [[], [], [], [39], [], [], [64], [], [], [], [], [], [], [], [15], [28], [53], [22], [], [43], [], [], [], [52], [], [], [48], [], [], [], [], [], [], [], [], [], [44], [], [], [], [], [48], [45], [], [], [], [56], [], [49, 51], [], [], [], [56, 59], [], [], [], [], [58, 60], [], [62], [], [], [], [], [], [], [], []] [67, 66, 65, 63, 61, 57, 60, 58, 55, 54, 50, 47, 46, 42, 45, 41, 40, 38, 37, 36, 44, 35, 34, 33, 32, 31, 30, 29, 27, 26, 48, 51, 49, 25, 24, 23, 52, 59, 62, 56, 21, 20, 19, 43, 18, 17, 22, 16, 53, 14, 15, 28, 13, 12, 11, 10, 9, 8, 7, 6, 64, 5, 4, 3, 39, 2, 1, 0]
66 55400 92 [[], [], [6], [], [21, 8], [], [24], [], [12], [31], [44], [], [], [], [], [35, 43], [], [], [20], [], [], [43], [], [38], [], [37], [], [], [44], [33], [], [38], [], [], [], [], [44, 43], [43], [40], [], [], [], [], [], [], []] [45, 42, 41, 39, 36, 34, 32, 30, 29, 33, 28, 27, 26, 25, 37, 23, 22, 19, 18, 20, 17, 16, 15, 35, 14, 13, 11, 10, 44, 9, 31, 38, 40, 7, 5, 4, 8, 12, 21, 43, 3, 2, 6, 24, 1, 0]
88 92000 116 [[2], [], [54], [57], [], [17], [], [], [27], [], [], [], [22, 29], [], [], [54], [], [], [], [46, 26], [], [], [45], [], [37], [], [], [55], [56], [37], [], [41, 57], [], [51, 44], [45, 50], [], [57], [53], [], [], [], [], [56], [49], [56], [], [49], [], [], [], [], [], [56], [], [], [57], [57], []] [52, 48, 47, 43, 42, 40, 39, 38, 36, 35, 34, 50, 33, 44, 51, 32, 31, 41, 30, 28, 56, 25, 24, 23, 21, 20, 19, 26, 46, 49, 18, 16, 15, 14, 13, 12, 29, 37, 53, 22, 45, 11, 10, 9, 8, 27, 55, 7, 6, 5, 17, 4, 3, 57, 1, 0, 2, 54]
83 90800 106 [[49], [31, 13], [], [42], [48], [17], [50], [38], [], [], [], [12], [], [], [], [], [17], [], [35], [46], [41], [], [], [41], [], [26, 46], [48], [], [], [30], [42], [41], [], [], [], [43], [41], [50], [49], [], [], [47], [50], [], [], [50], [50], [], [50], [52], [], [], []] [51, 45, 44, 40, 39, 37, 36, 34, 33, 32, 29, 30, 28, 27, 25, 26, 24, 23, 22, 21, 20, 19, 46, 18, 35, 43, 16, 15, 14, 11, 12, 10, 9, 8, 7, 38, 6, 5, 17, 4, 48, 3, 42, 50, 2, 1, 13, 31, 41, 47, 0, 49, 52]
101 87300 142 [[25], [], [], [63], [], [25], [], [65], [50], [62], [21], [55], [], [], [21], [], [], [25, 37], [], [], [], [], [], [62], [], [], [], [58], [], [], [], [], [], [], [53, 56], [], [58], [], [], [], [], [], [], [], [], [], [51, 50], [], [], [69], [68], [], [], [], [], [], [59], [], [61], [62], [67, 70], [], [], [67], [69, 70], [70], [70], [], [], [], []] [66, 64, 60, 57, 54, 52, 49, 69, 48, 47, 46, 51, 45, 44, 43, 42, 41, 40, 39, 38, 36, 35, 34, 56, 59, 53, 33, 32, 31, 30, 29, 28, 27, 58, 61, 26, 24, 23, 22, 20, 19, 18, 17, 37, 16, 15, 14, 13, 12, 11, 55, 10, 21, 9, 62, 8, 50, 68, 7, 65, 70, 6, 5, 4, 3, 63, 67, 2, 1, 0, 25]
85 79200 110 [[], [], [], [37], [], [], [], [], [], [21], [], [], [], [32], [47, 41], [31], [], [22, 54], [], [], [], [30], [], [51], [], [47, 28, 49, 41], [], [51], [], [38, 34], [32, 51], [50], [], [], [], [38, 41], [], [], [], [], [], [51], [53, 46], [], [], [54, 48, 52], [], [], [], [], [54], [], [], [54], []] [45, 52, 48, 44, 43, 42, 46, 53, 40, 39, 36, 35, 33, 29, 34, 38, 27, 26, 25, 49, 28, 24, 23, 20, 19, 18, 17, 22, 16, 15, 31, 50, 54, 14, 41, 47, 13, 12, 11, 10, 9, 21, 30, 51, 32, 8, 7, 6, 5, 4, 3, 37, 2, 1, 0]
87 65000 114 [[], [], [], [29], [40, 56], [], [43], [], [], [], [], [26], [32], [], [], [48], [], [], [], [51], [26, 40], [39], [44, 32], [56], [], [], [], [40, 51], [], [45], [44, 46], [47], [], [41], [], [], [], [], [46, 52], [48], [53], [], [45, 55], [], [54], [], [], [], [], [], [56], [], [], [], [], [56], []] [50, 49, 42, 55, 38, 52, 37, 36, 35, 34, 33, 41, 31, 47, 30, 46, 28, 27, 25, 24, 23, 22, 44, 54, 21, 39, 20, 19, 51, 18, 17, 16, 15, 48, 14, 13, 12, 32, 11, 26, 10, 9, 8, 7, 6, 43, 5, 4, 56, 40, 53, 3, 29, 45, 2, 1, 0]
87 77600 114 [[], [], [9, 37], [22], [], [], [23], [], [36], [], [36], [], [], [19], [], [], [55], [28], [49], [39], [30], [], [53], [], [53], [], [52], [], [], [], [43, 45, 51], [], [], [53], [], [], [], [], [], [40], [], [50], [46], [44, 56], [50], [], [], [], [56, 53], [], [51], [], [55], [], [55], [], []] [54, 48, 47, 42, 46, 41, 38, 35, 34, 33, 32, 31, 29, 27, 26, 52, 25, 24, 21, 20, 30, 45, 43, 56, 44, 50, 51, 18, 49, 17, 28, 16, 55, 15, 14, 13, 19, 39, 40, 12, 11, 10, 8, 36, 7, 6, 23, 5, 4, 3, 22, 53, 2, 37, 9, 1, 0]
95 63300 130 [[], [13, 53], [], [32], [], [], [8], [58], [16], [], [], [63], [], [], [], [37], [26], [22], [32], [], [50, 56], [], [], [], [38], [], [], [35], [61], [40], [], [], [], [], [64], [], [], [], [], [], [], [], [50, 48], [], [64, 47], [55], [50], [], [], [], [], [], [56], [60], [], [61, 62], [], [], [], [63], [], [], [64], [], []] [59, 57, 54, 52, 51, 49, 46, 45, 55, 62, 44, 47, 43, 42, 48, 41, 39, 36, 34, 64, 33, 31, 30, 29, 40, 28, 61, 27, 35, 25, 24, 38, 23, 21, 20, 56, 50, 19, 18, 17, 22, 15, 37, 14, 12, 11, 63, 10, 9, 7, 58, 6, 8, 16, 26, 5, 4, 3, 32, 2, 1, 53, 60, 13, 0]
102 65000 144 [[18], [], [49, 10], [38, 34, 21], [], [], [], [55], [], [], [42], [], [], [], [], [], [], [], [41], [57, 35], [], [30], [], [], [], [], [], [], [34], [], [60, 52], [], [], [34], [], [], [50], [50], [], [], [], [], [], [], [], [57], [58, 61], [], [], [], [63], [69], [62], [71], [62], [], [71], [], [], [], [], [], [], [], [], [66], [69], [], [], [], [71], []] [70, 68, 67, 65, 66, 64, 59, 56, 54, 53, 71, 51, 69, 48, 47, 46, 61, 58, 45, 44, 43, 40, 39, 37, 36, 50, 63, 33, 32, 31, 29, 28, 27, 26, 25, 24, 23, 22, 20, 19, 35, 57, 17, 16, 15, 14, 13, 12, 11, 9, 8, 7, 55, 6, 5, 4, 3, 21, 30, 52, 62, 60, 34, 38, 2, 10, 42, 49, 1, 0, 18, 41]
86 48000 112 [[4], [], [17], [36], [43], [], [21, 49], [], [49], [], [], [32], [], [42], [], [], [], [], [54], [23, 31], [], [], [44], [], [45, 52], [], [40, 27], [47], [], [30], [], [], [44, 53], [], [], [38, 51, 47], [], [], [], [], [], [], [48], [], [], [], [], [], [], [51], [52, 53], [55], [], [], [55], []] [50, 46, 41, 39, 37, 35, 38, 34, 33, 29, 30, 28, 26, 27, 47, 40, 25, 24, 52, 45, 22, 20, 19, 31, 23, 18, 54, 16, 15, 14, 13, 42, 48, 12, 11, 32, 53, 44, 10, 9, 8, 7, 6, 49, 51, 55, 21, 5, 3, 36, 2, 17, 1, 0, 4, 43]
81 82800 102 [[], [23], [19], [4], [], [11], [23, 16], [], [17], [], [], [12], [39], [], [26, 16, 37], [20, 23], [], [33], [], [], [37], [], [32], [], [], [], [], [], [], [32, 42], [], [], [48], [], [40], [49], [42], [43], [], [], [50, 47], [], [], [], [], [47], [47, 49], [49], [], [], []] [46, 45, 44, 41, 38, 36, 35, 34, 40, 47, 49, 50, 31, 30, 29, 42, 28, 27, 25, 24, 22, 32, 48, 21, 18, 15, 20, 14, 37, 43, 26, 13, 10, 9, 8, 17, 33, 7, 6, 16, 5, 11, 12, 39, 3, 4, 2, 19, 1, 23, 0]
86 63300 112 [[19, 50], [], [28], [], [44, 6], [], [14], [], [], [], [], [], [50], [15], [], [], [], [], [], [], [38], [], [54], [38, 37, 44], [], [], [34], [31], [], [47, 43], [50], [44], [], [34], [53], [], [41], [], [], [], [], [], [46], [], [], [], [], [48], [55], [53], [54], [52, 54, 53], [], [], [], []] [51, 52, 49, 45, 42, 46, 40, 39, 36, 41, 35, 33, 32, 30, 29, 43, 47, 48, 55, 27, 31, 26, 34, 53, 25, 24, 23, 37, 22, 21, 20, 38, 18, 17, 16, 13, 15, 12, 11, 10, 9, 8, 7, 5, 4, 6, 14, 44, 3, 2, 28, 1, 0, 50, 54, 19]
99 69800 138 [[39], [52], [], [], [], [], [60, 40], [], [56, 40], [], [], [18], [63], [23], [], [], [], [18], [19], [], [], [], [60], [], [], [], [], [61], [], [], [], [51, 58, 42, 52], [], [], [68], [], [], [49, 59], [], [], [63, 41], [64, 60], [], [], [50], [], [], [], [], [], [], [], [], [55], [68], [], [], [64], [], [], [], [], [], [], [67], [], [67], [], []] [66, 65, 62, 57, 54, 53, 55, 48, 47, 46, 45, 44, 50, 43, 38, 37, 59, 49, 36, 35, 34, 68, 33, 32, 31, 42, 58, 51, 30, 29, 28, 27, 61, 26, 25, 24, 22, 21, 20, 17, 16, 15, 14, 13, 23, 12, 11, 18, 19, 10, 9, 8, 56, 7, 6, 40, 41, 64, 67, 63, 60, 5, 4, 3, 2, 1, 52, 0, 39]
88 68700 116 [[], [], [8], [], [], [], [46], [], [], [], [], [], [], [], [], [], [], [], [32], [31, 25], [], [], [], [25, 37, 51], [51], [34, 43], [35, 38, 43], [34], [], [35, 43], [56], [53], [36, 37, 45], [], [], [], [41], [], [], [51], [49], [55], [], [], [55], [], [], [], [52], [], [], [55], [], [], [], [57], [], []] [54, 50, 48, 52, 47, 44, 42, 40, 49, 39, 33, 30, 56, 29, 28, 27, 26, 38, 35, 24, 23, 51, 22, 21, 20, 19, 25, 43, 34, 31, 53, 18, 32, 45, 37, 36, 41, 55, 57, 17, 16, 15, 14, 13, 12, 11, 10, 9, 7, 6, 46, 5, 4, 3, 2, 8, 1, 0]
95 74300 130 [[], [], [], [], [31, 6], [], [], [], [], [], [60], [], [], [], [], [45, 25], [21], [], [], [], [40, 38], [], [35], [], [], [35], [], [30, 56, 53, 28], [], [31], [], [59], [], [], [], [], [], [44], [], [], [60, 61], [], [], [], [64, 52, 49], [], [60, 47], [], [], [56], [51], [55], [], [59], [], [], [], [], [], [], [], [64], [], [64], []] [63, 62, 58, 57, 54, 50, 51, 55, 48, 46, 47, 43, 42, 41, 39, 37, 44, 49, 52, 36, 34, 33, 32, 29, 27, 28, 53, 56, 30, 26, 24, 23, 22, 20, 38, 40, 61, 64, 19, 18, 17, 16, 21, 15, 25, 35, 45, 14, 13, 12, 11, 10, 60, 9, 8, 7, 5, 4, 6, 31, 59, 3, 2, 1, 0]
102 71800 144 [[], [], [12], [], [17], [], [57], [], [], [], [59, 27], [50], [], [], [52, 67], [56], [], [], [], [], [58], [], [], [], [], [50], [], [47], [], [], [], [], [], [], [70], [], [], [], [], [], [], [52, 44], [58, 43, 71], [54], [], [], [57], [], [], [63], [], [], [], [], [], [65], [], [], [], [], [62, 64], [70], [], [], [], [69], [70], [], [70, 69], [70], [], []] [68, 66, 61, 60, 64, 62, 55, 65, 69, 53, 51, 49, 63, 48, 46, 45, 42, 71, 43, 54, 41, 44, 40, 39, 38, 37, 36, 35, 34, 70, 33, 32, 31, 30, 29, 28, 26, 25, 24, 23, 22, 21, 20, 58, 19, 18, 16, 15, 56, 14, 67, 52, 13, 11, 50, 10, 27, 47, 59, 9, 8, 7, 6, 57, 5, 4, 17, 3, 2, 12, 1, 0]
92 56100 124 [[], [], [], [51], [61], [16], [], [], [], [27], [], [], [21, 45, 47], [], [], [29], [], [37], [], [], [], [], [46], [32], [46], [38], [], [], [], [], [53], [], [], [], [46, 45, 36], [36], [], [54], [52], [], [], [55, 42], [53, 50, 61], [61, 45], [50], [], [], [], [], [], [], [], [57, 54], [], [], [], [], [], [], [], [], []] [60, 59, 58, 56, 49, 48, 44, 43, 41, 42, 50, 55, 40, 39, 35, 34, 36, 33, 31, 30, 53, 28, 26, 25, 38, 52, 57, 24, 23, 32, 22, 46, 20, 19, 18, 17, 37, 54, 15, 29, 14, 13, 12, 47, 45, 21, 11, 10, 9, 27, 8, 7, 6, 5, 16, 4, 61, 3, 51, 2, 1, 0]
97 88000 134 [[], [], [], [36, 13], [48], [54], [], [], [], [], [33], [26, 12, 35], [13], [29], [41], [34, 57], [64], [23], [27], [], [], [], [], [], [], [64], [], [], [61], [], [], [], [38, 57], [43], [], [], [], [], [], [], [], [58], [63], [], [], [], [], [], [], [61], [], [62], [53], [58], [], [], [], [59], [], [], [62], [], [], [], [], [66], []] [65, 66, 60, 56, 55, 52, 53, 51, 62, 50, 49, 47, 46, 45, 44, 42, 63, 40, 39, 37, 32, 38, 31, 30, 28, 61, 25, 24, 22, 21, 20, 19, 18, 27, 17, 23, 16, 64, 15, 57, 59, 34, 14, 41, 58, 11, 35, 12, 26, 10, 33, 43, 9, 8, 7, 6, 5, 54, 4, 48, 3, 13, 29, 36, 2, 1, 0]
45 32600 76 [[], [], [], [], [], [32], [], [], [], [15], [], [], [], [], [], [], [], [], [], [], [], [], [], [], [], [], [], [30], [], [30], [], [], [37], [34], [37], [], [], []] [36, 35, 33, 34, 31, 29, 28, 27, 30, 26, 25, 24, 23, 22, 21, 20, 19, 18, 17, 16, 14, 13, 12, 11, 10, 9, 15, 8, 7, 6, 5, 32, 37, 4, 3, 2, 1, 0]
14 7600 14 [[3, 2], [6], [6, 4], [4], [5], [], []] [1, 0, 2, 6, 3, 4, 5]
43 40200 70 [[], [], [], [], [], [23], [30], [], [22], [], [], [], [], [], [], [], [], [], [], [], [23], [29], [], [], [], [], [], [], [], [32], [], [32], [], [34], []] [33, 34, 31, 28, 27, 26, 25, 24, 21, 29, 32, 20, 19, 18, 17, 16, 15, 14, 13, 12, 11, 10, 9, 8, 22, 7, 6, 30, 5, 23, 4, 3, 2, 1, 0]
56 46700 96 [[], [], [5], [], [13], [], [], [], [], [], [], [], [], [], [31], [], [], [], [47], [], [], [], [32], [], [], [], [], [], [44], [], [], [], [], [], [], [], [], [], [], [42], [], [45], [], [], [], [], [], []] [46, 43, 41, 45, 40, 39, 42, 38, 37, 36, 35, 34, 33, 30, 29, 28, 44, 27, 26, 25, 24, 23, 22, 32, 21, 20, 19, 18, 47, 17, 16, 15, 14, 31, 12, 11, 10, 9, 8, 7, 6, 4, 13, 3, 2, 5, 1, 0]
28 23600 40 [[18], [], [10, 11], [], [], [], [], [16], [], [], [12], [15, 17], [], [], [], [], [], [18], [], []] [19, 14, 13, 9, 8, 7, 16, 6, 5, 4, 3, 2, 11, 17, 15, 10, 12, 1, 0, 18]
75 57300 134 [[], [33], [8], [], [], [27], [], [22], [], [], [], [58], [], [], [], [], [], [], [], [], [], [27], [], [36], [], [], [44], [], [], [], [], [], [], [], [], [], [], [], [], [], [], [], [], [], [], [], [], [], [], [], [], [], [], [], [], [], [], [], [], [], [], [], [], [], [], [], []] [66, 65, 64, 63, 62, 61, 60, 59, 57, 56, 55, 54, 53, 52, 51, 50, 49, 48, 47, 46, 45, 43, 42, 41, 40, 39, 38, 37, 35, 34, 32, 31, 30, 29, 28, 26, 44, 25, 24, 23, 36, 21, 20, 19, 18, 17, 16, 15, 14, 13, 12, 11, 58, 10, 9, 7, 22, 6, 5, 27, 4, 3, 2, 8, 1, 33, 0]
56 43800 96 [[], [42], [], [], [21], [], [], [], [43], [], [], [], [], [], [], [], [], [], [], [], [], [], [], [], [40], [42, 27], [], [41], [], [38], [], [], [], [], [], [], [], [], [], [], [], [], [], [], [], [], [], []] [47, 46, 45, 44, 39, 37, 36, 35, 34, 33, 32, 31, 30, 29, 38, 28, 26, 25, 27, 41, 24, 40, 23, 22, 20, 19, 18, 17, 16, 15, 14, 13, 12, 11, 10, 9, 8, 43, 7, 6, 5, 4, 21, 3, 2, 1, 42, 0]
32 21100 48 [[], [], [], [4], [], [], [20], [], [22, 13], [], [], [], [], [17], [], [16], [], [], [], [], [22], [23], [], []] [21, 23, 19, 18, 15, 16, 14, 12, 11, 10, 9, 8, 13, 17, 7, 6, 20, 22, 5, 3, 4, 2, 1, 0]
42 22700 68 [[], [15], [], [], [], [], [], [], [], [], [33], [], [], [], [33], [], [], [], [], [], [], [], [30], [32], [], [], [], [], [], [33], [33], [], [33], []] [31, 29, 28, 27, 26, 25, 24, 23, 32, 22, 30, 21, 20, 19, 18, 17, 16, 14, 13, 12, 11, 10, 33, 9, 8, 7, 6, 5, 4, 3, 2, 1, 15, 0]
14 6100 12 [[5, 4], [3, 5, 2], [3], [4], [5], []] [1, 2, 3, 0, 4, 5]
50 31700 84 [[40], [], [], [16], [37, 13], [6, 9], [], [], [], [], [], [], [], [], [], [], [], [], [], [], [], [], [], [], [], [], [], [], [], [], [], [], [], [40], [], [], [], [], [], [41], [], []] [39, 41, 38, 36, 35, 34, 33, 32, 31, 30, 29, 28, 27, 26, 25, 24, 23, 22, 21, 20, 19, 18, 17, 15, 14, 12, 11, 10, 8, 7, 5, 9, 6, 4, 13, 37, 3, 16, 2, 1, 0, 40]
16 9200 18 [[5], [], [8], [5], [5, 6], [], [8], [8], []] [7, 4, 6, 3, 2, 8, 1, 0, 5]
12 8000 10 [[1, 3], [4, 2], [4, 3], [4], []] [0, 1, 2, 3, 4]
54 21600 80 [[], [14], [], [], [], [10], [], [], [28], [], [], [], [39], [37], [20], [], [], [23], [33], [38], [], [], [38], [30], [], [], [], [39], [], [37], [], [], [], [], [39], [], [], [], [], []] [36, 35, 34, 32, 31, 29, 27, 26, 25, 24, 22, 21, 19, 38, 18, 33, 17, 23, 30, 16, 15, 13, 37, 12, 39, 11, 9, 8, 28, 7, 6, 5, 10, 4, 3, 2, 1, 14, 20, 0]
45 33600 76 [[], [], [], [], [], [26], [24], [], [], [], [], [22], [], [24], [], [], [21], [], [], [], [], [], [], [], [31], [], [], [], [], [36], [], [], [], [], [], [], [], []] [37, 35, 34, 33, 32, 30, 29, 36, 28, 27, 25, 23, 20, 19, 18, 17, 16, 21, 15, 14, 13, 12, 11, 22, 10, 9, 8, 7, 6, 24, 31, 5, 26, 4, 3, 2, 1, 0]
53 37000 76 [[], [], [4], [], [33], [23, 7], [], [], [18], [16, 25], [], [], [], [], [], [], [27, 32], [], [], [], [30], [], [26], [], [], [], [29], [], [32], [], [37], [], [], [], [], [36], [], []] [35, 36, 34, 31, 28, 24, 22, 26, 29, 21, 20, 30, 37, 19, 17, 15, 14, 13, 12, 11, 10, 9, 25, 16, 32, 27, 8, 18, 6, 5, 7, 23, 3, 2, 4, 33, 1, 0]
85 84000 154 [[], [], [], [], [], [], [], [], [], [], [], [], [], [], [], [], [], [], [], [68], [], [], [], [], [], [], [], [], [], [], [], [], [], [], [50], [], [], [45], [], [], [], [], [], [], [], [], [], [], [], [], [76], [], [], [], [74], [59], [], [], [], [], [], [75], [], [], [75], [], [], [], [], [], [], [], [], [], [], [], []] [73, 72, 71, 70, 69, 67, 66, 65, 64, 63, 62, 61, 75, 60, 58, 57, 56, 55, 59, 54, 74, 53, 52, 51, 49, 48, 47, 46, 44, 43, 42, 41, 40, 39, 38, 37, 45, 36, 35, 34, 50, 76, 33, 32, 31, 30, 29, 28, 27, 26, 25, 24, 23, 22, 21, 20, 19, 68, 18, 17, 16, 15, 14, 13, 12, 11, 10, 9, 8, 7, 6, 5, 4, 3, 2, 1, 0]
75 29000 134 [[], [], [], [], [], [], [], [], [22], [], [], [], [], [23], [54], [], [], [], [], [], [65], [], [], [44], [], [], [], [], [], [], [], [], [], [], [], [], [], [], [], [], [], [], [], [], [60], [], [56], [], [], [], [], [], [], [61], [], [], [], [], [], [], [], [], [], [], [], [], []] [66, 64, 63, 62, 59, 58, 57, 55, 53, 61, 52, 51, 50, 49, 48, 47, 46, 56, 45, 43, 42, 41, 40, 39, 38, 37, 36, 35, 34, 33, 32, 31, 30, 29, 28, 27, 26, 25, 24, 21, 20, 65, 19, 18, 17, 16, 15, 14, 54, 13, 23, 44, 60, 12, 11, 10, 9, 8, 22, 7, 6, 5, 4, 3, 2, 1, 0]
39 22800 62 [[], [], [], [30], [], [], [], [12], [], [22], [], [24, 26], [], [], [], [17], [24], [], [], [], [], [], [], [], [], [], [27], [], [], [], []] [29, 28, 25, 23, 21, 20, 19, 18, 16, 15, 17, 14, 13, 11, 26, 27, 24, 10, 9, 22, 8, 7, 12, 6, 5, 4, 3, 30, 2, 1, 0]
86 83700 152 [[], [], [], [], [], [66], [], [], [37], [], [], [], [27], [65], [], [], [], [65, 19], [], [], [64], [], [], [], [], [], [], [], [], [], [], [], [], [], [], [], [], [], [], [], [], [], [], [], [], [], [], [56], [], [], [], [], [], [], [], [], [], [], [], [], [], [], [], [], [], [67], [], [], [70], [], [], [], [], [], [], []] [75, 74, 73, 72, 71, 69, 68, 70, 63, 62, 61, 60, 59, 58, 57, 55, 54, 53, 52, 51, 50, 49, 48, 47, 56, 46, 45, 44, 43, 42, 41, 40, 39, 38, 36, 35, 34, 33, 32, 31, 30, 29, 28, 26, 25, 24, 23, 22, 21, 20, 64, 18, 17, 19, 16, 15, 14, 13, 65, 67, 12, 27, 11, 10, 9, 8, 37, 7, 6, 5, 66, 4, 3, 2, 1, 0]
49 36700 78 [[], [], [], [], [30], [11], [], [], [], [], [19], [28], [], [], [], [], [], [], [], [20], [], [], [], [], [31], [34], [], [31], [], [30], [], [], [38], [], [], [], [], [], []] [37, 36, 35, 33, 32, 38, 29, 27, 26, 25, 34, 24, 31, 23, 22, 21, 18, 17, 16, 15, 14, 13, 12, 10, 19, 20, 9, 8, 7, 6, 5, 11, 28, 4, 30, 3, 2, 1, 0]
100 65100 180 [[], [], [], [], [], [], [], [], [], [], [56], [], [], [], [], [], [], [], [], [], [], [], [], [], [], [], [], [], [54], [], [], [], [], [], [], [], [], [], [], [], [], [], [], [], [], [], [], [], [], [], [], [], [56], [], [], [], [], [], [78], [], [], [], [], [], [], [], [], [], [], [], [], [], [], [], [], [], [], [], [82, 84], [], [], [86], [87], [], [85], [], [], [], [89], []] [88, 89, 83, 81, 86, 80, 79, 77, 76, 75, 74, 73, 72, 71, 70, 69, 68, 67, 66, 65, 64, 63, 62, 61, 60, 59, 58, 78, 84, 85, 82, 87, 57, 55, 53, 52, 51, 50, 49, 48, 47, 46, 45, 44, 43, 42, 41, 40, 39, 38, 37, 36, 35, 34, 33, 32, 31, 30, 29, 28, 54, 27, 26, 25, 24, 23, 22, 21, 20, 19, 18, 17, 16, 15, 14, 13, 12, 11, 10, 56, 9, 8, 7, 6, 5, 4, 3, 2, 1, 0]
9 7000 12 [[], [5, 2], [], [], [5], []] [4, 3, 1, 2, 5, 0]
6 3900 6 [[2, 1], [2], []] [0, 1, 2]
35 23600 40 [[], [2, 3], [6], [], [], [12], [12, 14, 16], [], [18], [11, 15], [], [16], [14, 16], [], [], [], [19], [], [19], []] [17, 13, 10, 9, 15, 11, 8, 18, 7, 5, 4, 1, 3, 2, 6, 12, 16, 19, 14, 0]
31 19600 32 [[11, 10], [10], [12], [12, 9], [10], [], [8], [], [11], [12, 11], [], [13], [14], [14], [15], []] [7, 6, 8, 5, 4, 3, 9, 2, 12, 1, 0, 10, 11, 13, 14, 15]
